HYPEV,CHLEV,CHDEV,ANGEV,MIEV,HRTEV,STREV,EPHEV,COPDEV,AASMEV,ULCEV,ULCCOLEV,CANEV,SINYR,CBRCHYR,KIDWKYR,LIVYR,ARTH1,VIM_GLEV,FLA1AR,Age_Group,Total_Complications
0,0,0,0,0,0,0,0,0,1,0,0,0,0,0,0,0,0,0,0,<10,0
0,0,0,0,0,0,0,0,0,0,0,0,0,0,0,0,0,0,0,0,<10,0
0,0,0,0,0,0,0,0,0,0,0,0,0,0,0,0,0,0,0,1,10-20,0
1,1,0,0,0,0,1,0,0,0,0,0,0,0,0,0,0,1,0,1,30-40,1
1,1,0,0,0,0,1,0,0,0,0,0,1,0,0,0,0,0,0,1,40+,2
0,0,0,0,0,0,0,0,0,0,0,0,0,0,0,0,0,0,0,0,<10,0
0,0,0,0,0,0,0,0,0,0,0,0,0,0,0,0,0,0,0,0,10-20,0
0,0,0,0,0,0,0,0,0,0,0,0,0,0,0,0,0,0,0,0,30-40,0
1,0,0,0,0,0,0,0,0,0,0,0,0,0,0,0,0,0,0,1,30-40,0
0,0,1,1,1,0,0,1,1,1,1,0,1,0,1,0,0,1,0,1,40+,4
1,1,0,0,0,0,0,0,0,0,0,0,0,0,0,0,0,0,0,0,40+,0
1,0,0,0,0,0,0,0,0,0,0,0,0,0,0,0,0,0,0,0,40+,0
1,0,0,0,0,0,0,0,0,1,0,0,0,1,1,0,0,1,0,1,30-40,0
0,0,0,0,0,0,0,0,0,0,0,0,1,0,1,0,0,0,0,0,20-30,1
0,0,0,0,0,0,0,0,0,1,0,0,0,0,0,0,0,0,0,1,<10,0
0,1,0,0,0,0,0,0,0,0,0,0,0,0,0,0,0,0,0,0,20-30,0
1,0,0,0,0,1,0,0,0,0,0,0,1,0,0,0,0,1,0,1,10-20,2
0,1,0,0,0,0,0,0,0,0,1,0,0,0,0,0,0,0,0,1,30-40,0
1,0,0,0,0,0,0,0,0,1,0,0,0,0,0,0,0,1,0,1,40+,0
1,0,1,1,0,1,0,0,0,0,0,0,0,0,0,0,0,1,0,1,40+,3
0,0,0,0,0,0,0,0,0,0,0,0,0,0,0,0,0,0,0,0,10-20,0
0,0,1,1,1,0,0,0,0,0,0,0,0,0,0,0,0,1,0,1,40+,3
0,0,0,0,0,0,0,0,0,1,0,0,0,0,0,0,0,0,0,0,40+,0
1,0,0,0,0,0,0,0,0,0,0,0,0,0,0,0,0,0,0,0,30-40,0
0,0,0,0,0,0,0,0,0,0,0,0,0,0,0,0,0,0,0,0,20-30,0
1,1,0,0,0,0,0,0,0,0,0,0,0,0,0,0,0,1,1,1,20-30,0
1,1,1,0,0,1,0,0,0,0,1,0,0,1,0,0,0,0,0,0,20-30,2
1,1,0,0,0,0,0,1,0,0,1,0,0,0,0,1,0,1,0,1,40+,0
1,0,0,0,0,0,1,0,1,0,0,0,0,0,0,0,1,0,0,1,40+,1
0,0,0,0,0,0,0,0,0,0,0,0,0,0,0,0,0,1,0,1,40+,0
0,0,0,0,0,0,0,0,0,0,0,0,0,0,0,0,0,0,0,0,40+,0
0,1,0,0,0,1,0,0,0,1,1,0,0,0,0,0,0,1,0,1,<10,1
1,1,0,0,0,0,0,0,0,0,0,0,0,0,0,0,0,0,0,0,20-30,0
1,1,0,0,0,1,1,0,0,0,0,0,0,1,0,0,0,1,0,1,40+,2
0,0,0,0,0,0,0,0,0,0,0,0,0,0,0,0,0,0,0,0,<10,0
1,1,0,0,0,0,0,0,0,0,0,0,0,0,0,0,0,0,0,1,40+,0
1,1,0,0,0,1,0,0,0,0,0,0,0,0,0,1,0,1,0,1,30-40,1
1,0,0,0,0,1,0,0,0,0,0,0,0,0,0,0,0,0,0,0,40+,1
0,0,0,0,0,0,0,0,0,0,0,0,0,0,0,0,0,0,0,0,10-20,0
1,1,0,0,0,0,0,0,0,0,0,0,0,0,0,0,0,0,0,1,40+,0
0,0,0,0,0,0,0,0,0,0,0,0,0,0,0,0,0,0,0,0,20-30,0
0,1,0,0,0,1,0,0,0,0,0,0,0,1,0,1,0,1,0,1,40+,1
1,1,0,0,1,1,0,0,0,0,0,0,0,0,0,0,0,0,0,1,20-30,2
1,1,1,0,0,0,0,0,0,0,0,1,0,0,0,1,0,0,0,1,10-20,1
1,1,0,0,0,0,0,0,0,0,0,0,0,0,0,0,0,1,0,0,40+,0
1,0,0,0,0,0,0,0,0,0,0,0,1,0,0,0,0,0,0,1,40+,1
1,0,0,0,0,0,0,0,0,1,0,0,0,0,0,0,0,0,0,0,20-30,0
1,1,0,0,0,0,0,0,0,0,1,0,0,0,0,0,0,1,0,1,40+,0
0,0,0,0,0,0,0,0,0,0,0,0,0,0,0,0,0,0,0,0,10-20,0
1,1,0,0,0,0,1,0,1,1,0,0,0,1,1,0,0,1,0,1,30-40,1
1,1,0,0,0,0,0,0,0,1,1,0,0,1,0,0,0,1,0,1,30-40,0
1,1,0,0,0,1,0,0,0,0,1,0,1,0,0,0,0,1,0,1,40+,2
1,1,0,0,1,1,0,0,1,0,0,0,0,1,0,0,1,1,0,1,40+,2
1,1,1,0,0,1,0,1,1,0,0,0,0,0,0,1,0,0,0,1,20-30,2
1,0,0,0,0,1,0,0,0,0,0,0,1,0,0,0,0,0,0,1,40+,2
1,1,0,0,0,1,0,0,0,0,0,0,0,0,0,0,0,1,0,1,40+,1
0,0,0,0,0,0,0,0,0,1,0,0,0,0,0,0,0,0,0,0,20-30,0
1,0,0,0,0,0,1,0,0,0,0,0,0,1,0,0,0,1,0,1,<10,1
1,1,1,0,0,1,0,0,0,0,0,0,0,0,0,0,0,1,0,1,40+,2
0,0,0,0,0,0,0,0,0,0,0,0,0,0,0,0,0,0,0,0,20-30,0
1,1,0,0,0,0,0,0,0,0,0,0,0,0,0,0,0,0,0,1,40+,0
1,1,1,0,1,1,0,1,1,0,0,0,0,0,0,0,0,1,0,1,40+,3
0,0,0,0,0,0,0,0,0,0,0,0,0,1,0,0,0,0,0,0,40+,0
1,0,0,0,0,0,0,0,0,0,0,0,0,0,0,0,0,0,0,1,30-40,0
1,0,0,0,0,0,0,0,0,0,0,0,0,0,0,0,0,1,0,0,40+,0
1,0,1,0,1,1,1,0,1,0,0,0,0,0,0,1,0,1,0,1,40+,4
0,1,0,0,0,0,0,0,0,0,0,0,0,0,0,0,0,1,0,0,40+,0
0,0,0,0,0,0,0,0,0,0,0,0,0,0,0,0,0,0,0,1,10-20,0
0,0,0,0,0,0,0,0,0,0,0,0,0,1,0,0,0,0,0,0,10-20,0
1,1,0,0,0,0,0,0,0,0,0,0,0,0,0,0,1,0,1,1,40+,0
1,1,0,0,0,0,0,0,0,0,0,0,0,0,0,0,0,1,0,1,40+,0
1,1,0,0,0,1,0,0,0,0,0,0,0,0,0,1,0,0,0,0,<10,1
0,0,0,0,0,0,0,0,0,0,0,0,0,0,0,1,1,0,0,0,<10,0
1,1,0,0,0,0,1,0,0,0,1,0,0,0,0,0,0,1,1,1,40+,1
1,1,1,0,0,0,0,0,0,0,0,0,0,0,0,0,1,1,0,1,40+,1
1,1,0,0,0,0,0,0,0,0,0,0,1,1,0,0,0,1,0,1,40+,1
0,0,1,0,0,0,0,0,0,0,0,0,0,0,0,0,0,0,0,1,40+,1
1,1,0,0,0,0,0,0,0,0,0,0,0,0,0,0,0,1,0,1,40+,0
1,1,0,0,0,0,0,0,0,0,0,0,0,0,0,0,0,0,0,0,<10,0
1,0,1,0,0,0,0,0,0,0,0,0,0,0,0,0,0,0,0,1,40+,1
1,1,0,0,0,0,0,0,0,0,0,0,0,0,0,0,0,0,0,1,<10,0
1,1,0,0,0,0,0,0,0,0,0,0,0,0,0,0,0,0,0,0,40+,0
1,0,0,0,0,0,0,0,0,0,0,0,0,0,0,0,0,1,0,1,40+,0
1,1,0,0,0,0,0,0,0,0,0,0,1,1,0,0,0,0,0,0,40+,1
0,0,1,1,0,1,0,0,0,0,0,0,0,0,0,0,0,1,0,1,10-20,3
0,0,0,0,0,0,0,0,0,0,0,0,0,0,0,0,0,0,0,0,10-20,0
1,1,0,0,0,1,0,0,0,0,0,0,1,0,0,0,0,1,0,0,40+,2
1,1,1,0,1,1,1,0,0,0,0,0,0,0,0,1,0,1,1,1,40+,4
1,1,0,0,0,0,0,0,0,0,0,0,0,0,0,0,0,0,0,1,40+,0
1,1,1,0,0,0,0,0,0,1,1,0,0,0,0,0,0,1,1,1,40+,1
1,1,0,0,0,1,0,0,0,1,0,0,0,1,0,0,0,0,0,0,20-30,1
0,1,0,0,0,0,0,0,0,0,0,0,0,0,0,0,0,0,0,0,20-30,0
0,0,0,0,0,1,0,0,0,0,0,0,0,0,0,0,0,0,0,0,30-40,1
1,1,0,0,0,0,0,0,0,1,0,0,0,1,0,0,0,1,0,1,20-30,0
1,0,0,0,1,0,0,1,1,1,0,0,1,0,1,0,0,1,0,1,40+,2
1,1,1,0,1,0,0,0,0,0,0,0,0,1,0,0,0,0,0,1,<10,2
0,0,0,0,0,0,0,0,0,1,0,0,0,0,0,0,0,0,0,0,10-20,0
1,1,0,0,0,1,0,0,0,0,0,0,0,0,0,0,0,1,0,1,30-40,1
1,1,0,0,0,0,0,0,0,0,0,0,0,1,0,1,0,0,0,1,40+,0
1,0,0,0,0,0,0,0,0,0,0,0,0,0,0,0,0,0,0,0,40+,0
1,1,0,0,0,0,0,1,1,1,0,0,0,0,0,0,0,0,0,1,20-30,0
1,1,0,0,0,0,1,0,0,1,0,0,0,0,1,0,0,0,0,1,40+,1
1,0,0,0,0,0,0,0,0,0,0,0,0,0,0,0,0,0,0,0,30-40,0
1,1,0,0,0,0,0,0,0,0,0,0,0,0,0,0,0,1,0,1,40+,0
1,1,1,0,0,0,0,0,0,0,1,0,0,0,0,0,0,1,0,1,40+,1
0,0,0,0,0,0,0,0,0,0,0,0,0,0,0,0,0,0,0,0,<10,0
0,0,0,0,0,0,0,0,0,1,0,0,0,0,0,0,0,1,0,1,30-40,0
0,0,0,0,0,0,0,0,0,0,0,0,0,0,0,0,0,0,0,0,30-40,0
1,0,0,0,0,0,0,0,0,0,0,0,0,0,0,0,0,0,0,0,30-40,0
0,1,0,0,0,0,0,0,0,0,0,0,0,1,0,0,0,0,0,0,20-30,0
0,0,0,0,0,0,0,0,0,0,0,0,0,0,0,0,0,0,0,0,<10,0
1,1,0,0,0,0,1,0,0,0,0,0,1,1,0,0,0,1,0,1,40+,2
1,1,0,0,0,0,0,0,0,0,1,0,0,1,0,0,0,1,0,1,<10,0
1,0,0,0,0,0,0,0,0,0,0,0,0,0,0,0,0,0,0,1,40+,0
1,1,0,0,1,0,0,0,1,0,0,0,0,0,0,0,0,0,0,1,40+,1
1,1,0,0,0,0,0,0,0,0,0,0,0,0,0,0,0,1,0,0,40+,0
1,0,0,0,0,0,0,0,0,0,0,0,1,0,0,0,0,0,0,1,30-40,1
1,1,1,0,0,0,0,0,0,1,1,0,0,1,0,0,0,1,0,1,20-30,1
1,1,0,0,0,0,0,0,0,0,0,0,0,0,0,0,0,0,0,0,40+,0
1,1,1,0,0,1,1,0,0,0,1,0,0,0,0,0,0,0,0,1,40+,3
1,1,0,0,0,0,0,0,0,0,0,1,0,1,1,0,0,1,0,1,40+,0
0,1,0,0,0,0,0,0,0,0,0,0,0,0,0,0,0,1,0,1,40+,0
1,1,0,0,0,0,0,0,0,0,0,0,0,0,0,0,0,1,1,1,40+,0
1,0,0,0,0,0,1,0,0,1,0,0,0,1,1,0,0,0,0,0,30-40,1
0,0,0,0,0,0,0,0,0,0,0,0,0,0,0,0,0,0,0,0,10-20,0
1,1,0,0,0,0,0,0,0,0,0,0,0,0,0,0,0,0,0,1,40+,0
1,1,0,0,0,0,0,0,0,1,0,0,0,0,0,0,0,0,0,0,30-40,0
1,0,0,0,0,0,1,0,0,0,0,0,0,0,0,0,0,0,0,1,40+,1
0,0,0,0,0,0,0,0,0,0,0,0,0,0,0,0,0,0,0,0,20-30,0
0,0,0,0,0,0,0,0,0,1,0,0,0,0,0,0,0,0,0,1,30-40,0
1,1,0,0,0,0,0,0,0,0,1,0,0,1,0,1,0,0,0,1,40+,0
1,1,0,0,0,0,0,0,0,0,0,0,0,0,0,0,0,1,0,1,30-40,0
1,1,1,0,0,0,0,0,0,1,0,0,0,0,0,0,0,0,0,1,40+,1
1,1,0,0,0,0,0,0,0,0,0,0,0,0,0,0,0,0,0,1,20-30,0
1,0,0,0,0,0,0,0,0,1,0,0,0,1,0,0,0,0,0,1,10-20,0
0,1,0,0,0,0,0,0,0,0,0,0,0,0,0,0,0,0,0,0,40+,0
0,0,0,0,0,0,0,0,0,0,0,0,1,0,0,0,0,1,0,1,10-20,1
0,1,0,0,0,0,0,0,0,0,0,0,0,0,0,0,0,0,0,1,40+,0
1,0,0,0,0,0,0,0,0,0,1,0,0,0,0,0,0,0,0,0,<10,0
1,0,0,0,0,0,0,0,1,1,0,0,0,0,0,0,0,0,0,1,40+,0
0,1,0,0,0,0,0,0,0,0,0,0,1,0,0,0,0,0,0,1,40+,1
0,1,0,0,1,0,0,0,1,1,0,0,0,1,0,1,0,1,0,1,10-20,1
0,1,0,0,0,1,0,0,0,0,0,0,0,0,0,0,0,0,0,0,30-40,1
0,1,0,0,0,0,0,0,0,0,0,0,1,0,0,0,0,0,0,0,40+,1
1,1,1,0,0,0,0,0,0,0,0,0,0,0,0,0,0,0,1,1,40+,1
1,1,0,0,0,0,0,0,0,0,0,0,1,0,0,0,0,0,0,1,40+,1
1,1,0,0,0,0,0,0,0,0,0,0,0,0,0,0,0,1,0,1,20-30,0
1,1,0,0,0,0,0,0,0,0,0,0,0,0,0,0,0,0,0,1,20-30,0
1,1,0,0,0,0,0,0,0,1,0,0,1,0,0,0,0,1,1,1,30-40,1
0,0,0,0,0,0,0,0,0,0,0,0,0,0,0,0,0,0,0,0,<10,0
1,1,1,0,0,0,0,0,0,0,0,0,0,0,0,0,1,1,0,1,40+,1
1,1,0,0,0,0,0,0,0,1,0,0,0,0,0,0,0,0,0,0,40+,0
1,1,0,0,0,0,0,0,0,1,0,0,1,1,0,0,0,0,0,0,20-30,1
1,0,0,0,0,0,0,0,0,0,0,0,0,0,0,0,0,1,0,1,40+,0
0,1,0,0,1,1,0,0,0,0,0,0,0,0,0,0,0,0,0,1,<10,2
1,0,0,0,0,0,0,0,0,0,0,0,0,0,0,0,0,1,0,0,30-40,0
1,1,0,0,0,0,0,0,0,0,0,0,1,0,0,1,0,0,0,1,40+,1
1,1,0,0,0,0,0,0,0,0,1,0,0,1,0,0,0,1,0,1,40+,0
0,1,0,0,0,1,0,0,0,1,0,0,1,0,0,0,0,1,1,1,40+,2
1,0,0,0,0,0,0,0,0,0,0,0,0,0,0,0,0,0,1,0,20-30,0
1,1,0,0,0,0,0,0,0,0,0,0,0,0,0,0,0,1,0,1,40+,0
0,0,0,0,0,0,0,0,0,0,0,0,0,0,0,0,0,0,0,0,<10,0
0,0,0,0,0,0,0,0,0,0,0,0,0,1,0,0,0,1,0,0,<10,0
0,0,0,0,0,0,0,0,0,0,0,0,0,0,0,0,0,0,0,0,<10,0
1,0,0,0,0,0,0,0,0,0,0,0,0,0,0,0,0,0,0,0,40+,0
0,1,0,0,0,0,0,0,0,0,0,0,0,0,0,0,0,0,0,1,40+,0
1,1,0,0,0,0,0,0,0,0,0,0,0,0,0,0,0,0,0,0,40+,0
1,1,0,0,0,0,0,0,0,0,1,0,0,0,0,0,0,1,0,1,40+,0
1,0,0,0,0,0,0,1,0,0,0,0,0,0,0,0,0,1,0,1,40+,0
1,1,0,0,0,0,0,0,0,0,0,0,0,0,0,0,0,0,0,0,40+,0
1,0,0,0,0,0,0,0,0,0,0,0,0,0,0,0,0,1,0,1,40+,0
1,1,0,0,0,0,0,0,0,0,0,0,0,0,0,0,0,0,0,0,40+,0
1,1,0,0,0,1,0,0,1,0,0,0,0,0,0,0,0,1,0,1,40+,1
1,1,0,0,0,0,0,0,0,0,0,0,0,0,0,0,0,0,0,1,20-30,0
1,1,0,0,0,0,0,0,0,0,0,0,0,0,0,0,0,0,0,1,40+,0
1,0,0,0,0,0,0,0,0,1,0,0,1,0,0,0,0,1,0,1,40+,1
0,0,0,0,0,0,0,0,0,0,0,0,0,0,0,0,0,0,0,0,10-20,0
1,0,0,0,0,0,0,1,0,0,0,0,0,0,0,0,0,1,0,0,30-40,0
1,1,0,0,0,1,0,0,1,0,0,0,0,1,1,1,0,1,0,1,40+,1
1,1,1,0,0,0,0,0,0,0,0,0,0,0,0,0,0,1,0,1,40+,1
1,1,0,0,0,0,0,0,0,1,1,0,0,0,0,0,0,0,0,1,30-40,0
0,0,0,0,0,0,0,0,0,0,0,0,0,1,0,0,0,0,0,1,<10,0
0,0,0,0,0,0,1,0,0,0,0,0,0,0,0,0,0,0,0,0,40+,1
1,0,0,0,0,0,0,0,0,0,0,0,0,0,0,0,0,1,0,1,40+,0
1,1,0,0,0,1,1,0,0,0,0,0,0,0,0,0,0,1,0,1,40+,2
1,1,1,1,0,0,0,1,0,0,0,0,0,0,0,0,0,1,0,1,<10,2
1,1,0,0,0,0,0,0,0,0,0,0,0,0,1,0,0,1,0,1,40+,0
1,1,0,0,0,0,0,0,0,0,0,0,0,0,0,0,0,0,0,1,40+,0
1,1,0,0,0,0,0,0,0,1,0,0,0,1,0,0,0,0,0,0,<10,0
0,1,0,0,0,0,0,0,0,1,0,0,0,0,0,0,0,1,0,1,40+,0
0,0,0,0,0,0,0,0,0,0,0,0,0,0,0,0,0,0,0,1,40+,0
1,0,0,0,0,0,0,1,1,1,0,0,0,0,0,0,0,0,0,0,40+,0
1,0,0,0,0,0,1,0,0,0,0,0,1,0,0,0,0,1,0,1,10-20,2
1,1,0,0,1,1,0,0,0,0,0,0,0,0,0,0,0,0,0,1,40+,2
1,1,0,0,0,0,0,0,0,0,0,0,1,0,0,0,0,1,0,1,<10,1
1,1,0,0,0,0,0,0,0,0,0,0,0,0,0,0,0,0,0,0,10-20,0
1,0,0,0,0,1,1,0,0,1,0,0,0,0,0,1,0,1,0,1,20-30,2
1,1,0,0,0,0,0,0,0,0,0,0,0,0,0,0,0,1,0,0,40+,0
1,1,0,0,0,0,0,0,0,0,0,0,0,0,0,0,0,1,0,1,20-30,0
0,0,0,0,0,0,0,0,0,0,0,0,0,0,0,0,0,0,0,0,<10,0
1,0,0,0,0,0,0,0,0,0,0,0,0,0,0,0,0,1,0,1,40+,0
0,0,0,0,0,0,0,0,0,0,0,0,0,0,0,0,0,1,0,1,40+,0
1,1,0,0,0,0,0,0,0,0,0,0,0,1,0,0,0,1,0,1,10-20,0
1,1,0,0,0,0,0,0,0,0,0,0,0,0,0,0,0,0,1,1,40+,0
1,1,0,0,0,0,0,0,0,1,0,0,0,0,0,0,0,1,0,0,30-40,0
0,0,0,0,0,0,0,0,0,0,0,0,0,0,0,0,0,0,0,1,10-20,0
1,1,0,0,0,0,0,0,0,0,1,0,0,0,0,0,0,1,0,1,30-40,0
0,0,0,0,0,0,0,0,0,0,0,0,0,0,0,0,0,0,0,1,30-40,0
1,1,0,0,0,0,0,0,0,0,0,0,0,1,0,0,0,0,0,0,40+,0
0,0,0,0,0,1,0,0,0,0,0,0,0,0,0,0,0,0,0,0,40+,1
0,0,0,0,0,0,0,0,0,0,0,0,1,0,0,0,0,0,0,1,20-30,1
1,1,0,0,0,0,0,0,0,0,0,0,0,0,0,0,0,1,0,1,30-40,0
1,1,1,0,1,1,0,0,1,0,0,0,0,1,1,0,0,1,0,1,40+,3
1,1,1,0,1,1,0,0,0,0,0,0,0,1,0,0,0,0,0,1,40+,3
1,1,0,0,0,0,0,0,0,0,0,0,0,0,0,0,0,1,0,0,40+,0
0,0,0,0,0,0,0,0,0,0,0,0,0,0,0,0,0,0,0,0,20-30,0
1,0,0,0,0,0,0,0,0,0,0,0,0,0,0,0,0,1,0,1,40+,0
1,0,0,0,1,0,0,0,0,0,0,0,0,0,0,1,0,0,0,1,40+,1
0,0,0,0,0,0,0,0,0,0,0,0,1,0,0,0,0,0,0,1,40+,1
1,1,0,0,0,0,0,0,0,0,0,0,0,0,0,0,0,0,0,1,40+,0
1,1,0,0,0,0,0,0,0,0,0,0,0,0,0,0,0,0,0,0,40+,0
0,0,1,1,1,0,1,0,0,0,0,0,0,0,0,0,0,1,1,1,30-40,4
0,1,0,0,0,0,0,0,0,0,0,0,0,0,0,0,0,0,0,0,<10,0
1,1,0,0,0,0,0,0,0,0,0,0,0,0,0,0,0,0,0,0,30-40,0
0,0,0,0,0,1,0,0,0,0,0,0,0,0,0,0,0,0,0,0,10-20,1
1,0,0,0,0,0,0,0,0,0,0,0,1,0,0,0,0,1,0,1,40+,1
1,0,0,0,0,0,0,0,0,0,1,0,1,0,0,0,0,1,0,1,40+,1
0,0,0,0,0,0,0,0,0,1,0,0,0,1,1,0,0,0,0,0,<10,0
0,0,0,0,0,0,0,0,0,0,0,0,0,0,0,0,0,0,0,0,30-40,0
0,0,0,0,0,0,0,0,0,0,0,0,0,1,0,0,0,1,0,1,10-20,0
0,1,0,0,0,0,0,0,0,1,0,0,0,0,0,0,0,0,0,0,20-30,0
1,0,1,0,0,0,0,0,0,1,0,0,0,0,0,0,0,0,0,1,20-30,1
1,1,0,0,0,0,0,0,0,0,1,0,0,0,0,0,0,0,0,0,40+,0
1,0,0,0,0,0,0,0,0,0,1,0,0,0,0,0,0,1,0,1,40+,0
1,1,1,0,1,0,1,0,0,0,0,0,0,1,0,0,0,1,1,1,10-20,3
0,0,0,0,0,0,0,0,0,1,0,0,0,0,0,0,0,0,0,0,20-30,0
1,1,0,0,0,1,0,0,0,0,0,0,0,0,0,0,0,1,0,1,40+,1
1,1,1,1,1,1,0,0,1,1,0,0,0,1,1,0,0,0,0,1,40+,4
0,0,0,0,0,0,0,0,0,0,0,0,0,0,0,0,0,0,0,0,10-20,0
0,0,1,0,0,0,0,1,1,1,0,0,0,0,1,0,0,1,0,1,40+,1
0,0,0,0,0,0,0,0,0,0,0,0,0,0,0,0,0,0,0,0,20-30,0
0,0,0,0,0,0,0,0,0,0,0,0,0,0,0,0,0,0,0,1,20-30,0
1,1,1,1,1,0,1,0,0,0,0,0,0,0,0,0,0,0,0,1,20-30,4
0,0,0,0,0,0,0,0,0,0,0,0,0,0,0,1,0,1,0,1,20-30,0
1,0,0,0,0,1,0,0,1,1,0,0,1,0,0,0,0,1,0,1,<10,2
0,1,0,0,0,0,0,0,0,1,0,0,0,0,0,0,0,0,0,0,20-30,0
1,0,0,0,0,0,0,0,0,0,0,0,0,0,0,1,0,1,0,0,30-40,0
1,1,0,0,0,0,0,0,0,0,0,0,0,0,0,0,0,0,0,0,<10,0
0,0,0,0,0,0,0,0,0,0,0,0,0,0,0,0,0,0,0,0,40+,0
0,1,0,0,0,0,0,0,0,0,0,0,0,0,0,0,0,0,0,0,10-20,0
1,0,0,0,0,0,0,0,0,0,0,0,0,0,0,0,0,1,0,1,40+,0
1,1,0,0,0,0,0,0,0,0,0,0,0,0,0,0,0,0,0,0,30-40,0
1,1,1,1,0,1,0,0,0,0,1,0,0,0,0,0,0,1,0,1,40+,3
0,0,0,0,1,0,0,0,0,0,0,0,0,1,0,0,0,0,1,1,20-30,1
1,0,0,0,0,0,0,0,0,0,0,0,1,0,0,0,0,1,1,1,40+,1
1,0,0,0,0,1,0,0,0,0,0,0,0,0,0,0,0,0,0,0,20-30,1
1,1,1,1,0,1,0,0,0,0,0,0,0,1,1,1,0,1,0,1,<10,3
0,1,0,0,0,0,0,0,0,0,0,0,0,0,0,0,0,0,0,1,10-20,0
1,1,0,1,1,0,0,0,0,1,0,0,0,0,0,0,0,1,0,1,20-30,2
0,0,0,0,0,0,0,0,0,0,0,0,0,0,0,0,0,0,0,0,10-20,0
1,1,0,0,0,0,1,0,0,0,0,0,0,0,0,0,0,0,0,1,40+,1
0,1,0,0,0,0,1,0,0,1,0,0,0,1,0,0,0,0,0,1,10-20,1
1,0,1,0,0,1,0,0,0,0,0,0,0,0,0,0,0,0,1,1,40+,2
0,0,0,0,0,0,0,0,0,0,0,0,0,0,0,0,0,0,0,0,20-30,0
1,1,0,0,0,0,1,0,0,1,0,0,0,0,0,0,0,0,0,0,40+,1
0,0,0,0,0,0,0,0,0,0,0,0,0,0,0,0,0,0,0,0,20-30,0
0,1,1,0,1,0,0,0,0,0,0,0,0,0,0,0,0,1,0,1,20-30,2
0,0,0,0,0,0,0,0,0,0,0,0,0,0,0,0,0,1,0,0,30-40,0
1,1,0,0,0,0,0,0,0,0,0,0,0,0,0,0,0,0,0,1,30-40,0
1,0,0,0,0,0,0,0,0,0,0,0,0,0,0,0,0,1,0,1,20-30,0
0,1,0,0,0,0,0,0,0,0,0,0,0,0,0,0,0,0,0,0,20-30,0
0,0,0,0,0,0,0,0,0,0,0,0,0,0,0,0,0,1,0,1,30-40,0
0,0,0,0,0,1,0,0,0,0,0,0,0,0,0,0,0,0,0,0,20-30,1
1,1,0,0,0,1,0,0,0,1,1,0,1,1,0,0,0,1,0,1,40+,2
0,0,1,1,0,0,0,0,0,1,0,0,0,0,0,0,0,0,0,1,10-20,2
1,1,0,0,0,1,0,0,0,0,1,0,0,0,1,1,1,0,0,1,20-30,1
1,0,0,0,0,0,0,0,0,0,0,0,0,0,0,0,0,0,0,1,20-30,0
1,0,0,0,0,0,0,0,0,0,1,0,0,0,0,0,0,1,0,1,40+,0
0,0,0,0,0,0,0,0,0,0,0,0,0,0,0,0,0,0,0,0,<10,0
1,1,1,0,1,1,0,1,1,0,0,0,0,0,0,0,0,1,0,1,40+,3
0,0,0,0,0,0,0,0,0,0,0,0,0,0,0,0,0,0,0,1,<10,0
1,1,0,0,0,0,0,0,0,1,1,0,0,1,1,1,0,1,0,1,10-20,0
1,1,0,0,0,0,0,0,0,0,0,0,0,1,0,0,0,0,0,1,40+,0
1,0,0,0,0,1,0,0,0,0,0,0,0,1,0,0,0,0,0,1,40+,1
1,1,0,0,0,0,0,0,0,0,0,0,0,0,0,0,0,1,0,1,40+,0
0,1,0,0,0,0,0,0,0,0,0,0,0,0,0,0,0,0,0,1,30-40,0
0,0,0,0,0,0,0,0,0,0,0,0,0,0,0,0,0,1,0,0,30-40,0
1,1,0,0,0,0,0,0,0,0,0,0,1,0,0,0,0,0,0,1,40+,1
1,0,0,0,0,0,0,0,0,0,0,0,0,1,0,0,0,0,0,1,40+,0
1,1,0,0,0,0,0,0,0,0,0,0,0,0,0,0,0,1,0,1,40+,0
0,0,0,0,0,0,0,0,0,0,0,0,1,0,0,0,0,0,0,1,40+,1
1,0,1,0,0,0,0,0,1,1,1,0,0,1,0,0,0,1,0,1,40+,1
0,0,0,0,0,0,0,0,0,0,0,0,1,0,0,0,0,1,0,0,10-20,1
1,1,0,0,0,0,0,0,0,0,0,0,0,0,0,0,0,1,0,1,40+,0
1,1,1,0,1,0,1,0,0,0,0,0,0,1,0,0,0,0,0,0,10-20,3
1,1,1,1,1,1,1,0,0,1,0,0,1,1,1,1,0,0,0,1,10-20,6
1,1,0,0,0,1,1,1,1,0,0,0,0,0,0,0,0,1,0,1,30-40,2
1,0,0,0,0,0,0,0,0,0,0,0,0,0,0,0,0,0,0,0,40+,0
0,1,0,0,0,0,0,0,0,0,0,0,0,0,0,0,0,0,0,1,20-30,0
1,1,1,0,0,1,1,0,0,0,0,0,1,0,0,1,0,1,0,1,40+,4
1,1,0,0,0,0,0,0,1,0,1,0,0,0,0,0,0,1,0,1,40+,0
1,0,1,0,0,0,0,0,0,0,0,0,0,1,0,1,0,0,0,0,40+,1
1,1,0,0,0,0,0,0,0,0,1,0,0,1,0,0,0,1,0,1,40+,0
0,1,0,0,0,0,0,0,0,0,0,0,0,0,0,0,0,0,1,1,40+,0
1,1,0,0,1,0,0,0,0,0,0,0,0,0,0,0,0,0,0,0,40+,1
1,1,0,0,0,0,0,0,0,0,0,0,0,0,0,0,0,1,0,1,40+,0
1,1,0,0,0,0,0,0,0,0,0,0,0,0,0,0,0,0,0,1,40+,0
1,1,0,0,0,0,0,0,0,0,0,0,0,0,0,0,0,0,0,0,40+,0
1,1,1,1,1,0,1,1,0,1,1,0,0,0,0,1,0,0,0,1,<10,4
1,1,0,0,0,0,0,0,0,1,1,0,1,1,0,0,0,1,1,1,40+,1
0,0,0,0,0,0,0,0,0,0,0,0,0,0,0,0,0,0,0,0,20-30,0
0,0,0,0,0,0,0,0,0,0,0,0,0,0,0,0,0,0,0,0,40+,0
0,0,0,0,0,0,0,0,0,0,0,0,0,0,0,0,0,0,0,0,10-20,0
1,1,0,1,0,0,0,0,0,1,1,0,0,1,0,0,0,1,0,1,<10,1
1,1,1,0,1,1,1,0,0,1,0,0,0,1,1,0,0,0,0,1,10-20,4
1,1,0,0,1,0,1,0,1,0,0,0,0,0,0,0,0,0,0,1,40+,2
1,1,0,0,0,0,0,0,0,0,0,0,0,0,0,0,0,0,0,0,<10,0
1,0,0,0,0,0,0,0,1,0,0,0,0,0,0,0,0,0,0,1,40+,0
1,1,0,0,0,0,0,0,0,0,0,0,0,0,0,0,0,0,0,0,40+,0
1,1,0,0,0,1,0,0,0,0,0,0,0,0,0,0,1,1,0,1,40+,1
0,0,0,0,1,0,0,0,0,0,0,0,1,0,0,0,0,1,0,1,40+,2
0,0,0,0,0,0,0,0,0,1,0,0,0,0,0,0,0,0,0,1,20-30,0
1,1,0,0,0,1,0,0,0,0,0,0,0,0,0,0,0,1,0,1,30-40,1
1,1,0,0,0,0,0,0,0,0,1,0,0,1,0,0,0,1,0,1,10-20,0
1,0,1,0,0,1,0,0,1,0,0,0,0,0,0,1,0,0,0,1,40+,2
1,1,0,0,0,0,0,0,0,1,0,0,0,0,0,0,0,0,0,0,40+,0
0,1,0,0,0,0,0,0,0,0,0,0,0,0,0,0,0,0,0,1,20-30,0
0,0,1,1,1,0,1,0,0,0,0,0,0,0,0,1,0,1,0,1,40+,4
0,1,0,0,0,0,0,0,0,0,0,0,0,0,0,0,0,0,0,0,10-20,0
0,0,0,1,0,0,0,0,0,1,0,0,0,0,0,0,0,0,0,0,10-20,1
0,1,0,0,0,0,0,0,0,0,0,0,0,0,0,0,0,0,0,0,30-40,0
1,0,0,0,0,0,0,0,0,0,0,0,0,0,0,0,0,0,1,0,40+,0
1,1,0,0,0,0,0,0,0,0,0,0,0,0,0,0,0,1,1,1,10-20,0
0,0,0,0,0,0,0,0,0,1,0,0,0,0,0,0,0,0,0,1,10-20,0
1,1,1,1,0,1,1,1,1,1,0,0,0,1,1,0,0,1,1,1,40+,4
1,1,0,0,0,0,0,0,0,0,0,0,0,0,0,1,0,0,0,1,40+,0
0,0,0,0,0,0,0,0,0,0,0,0,1,0,1,0,0,0,0,0,40+,1
0,0,0,0,0,0,0,0,0,0,0,0,0,0,0,0,0,1,0,1,40+,0
0,1,0,0,0,0,0,0,0,1,0,0,0,0,0,0,0,1,0,1,20-30,0
0,0,0,0,0,0,1,0,0,0,0,0,0,0,0,0,0,0,0,1,40+,1
1,1,1,1,1,0,0,0,0,0,1,0,0,0,0,0,0,1,0,1,40+,3
1,1,1,0,1,0,0,0,1,0,0,0,0,0,0,0,0,1,0,1,40+,2
0,1,0,0,0,0,0,0,0,0,0,0,0,1,0,0,0,0,0,1,10-20,0
1,1,0,0,0,0,0,0,1,0,0,0,1,0,0,0,0,1,0,1,40+,1
0,0,0,0,0,0,0,0,0,1,0,0,0,1,0,0,0,0,0,0,40+,0
1,1,0,0,0,0,0,0,1,0,0,0,1,0,0,1,0,1,0,1,40+,1
0,0,0,0,0,0,0,0,0,0,0,0,0,0,0,0,0,0,0,0,40+,0
1,1,0,1,0,0,0,0,0,0,0,0,0,0,0,0,0,0,0,1,10-20,1
1,0,0,0,0,0,0,0,0,1,0,0,0,0,1,0,0,0,0,1,40+,0
1,1,1,1,1,1,0,0,1,0,0,0,1,0,1,0,0,1,0,1,40+,5
0,0,0,0,0,0,0,0,0,0,0,0,0,0,0,0,0,0,0,1,40+,0
1,1,0,0,0,0,0,0,0,0,0,0,0,0,0,0,0,0,0,0,40+,0
0,0,0,0,0,0,0,0,0,1,0,0,0,0,0,0,0,0,0,0,10-20,0
1,1,0,0,0,0,1,0,0,1,0,0,0,0,0,0,0,1,0,1,10-20,1
1,1,1,1,0,1,0,0,1,0,0,0,0,0,0,0,0,0,1,1,40+,3
1,1,0,0,0,1,0,0,0,0,0,0,0,0,0,1,0,1,1,1,10-20,1
0,0,0,0,1,0,1,0,0,0,0,0,0,0,0,0,0,0,0,1,40+,2
0,0,0,0,0,0,0,0,0,0,0,0,0,0,0,0,0,0,0,0,40+,0
0,0,0,0,0,0,0,0,0,0,0,0,0,0,0,0,0,0,0,0,30-40,0
1,0,0,0,0,0,0,0,0,0,0,0,0,1,0,0,0,1,0,1,40+,0
0,0,0,0,0,0,0,0,0,0,0,0,0,0,0,0,0,0,0,0,<10,0
1,1,0,0,0,0,0,0,0,0,0,0,0,0,0,0,0,1,0,1,40+,0
1,1,1,0,1,1,0,0,1,0,0,0,0,1,0,0,0,0,0,1,40+,3
1,1,0,1,0,0,0,0,0,1,1,0,0,1,0,0,0,1,0,1,20-30,1
1,0,1,0,1,0,1,0,0,0,1,0,0,0,0,0,0,1,0,1,40+,3
0,0,0,0,0,0,0,0,0,0,0,0,0,0,0,0,0,0,0,0,30-40,0
1,1,0,0,0,0,1,1,1,0,1,0,0,0,1,0,0,1,0,1,40+,1
1,1,0,0,0,0,0,1,0,1,0,0,0,0,1,0,0,0,0,1,30-40,0
1,0,0,0,0,0,0,0,0,0,0,0,0,1,0,0,0,1,1,0,40+,0
1,1,0,0,0,0,0,0,0,0,0,0,0,1,1,0,0,0,0,0,40+,0
1,0,0,0,0,1,0,0,0,0,0,0,1,0,0,0,0,0,0,0,40+,2
0,0,0,0,0,0,0,0,0,1,0,0,0,0,0,0,0,0,0,0,10-20,0
0,0,0,0,0,0,0,0,0,0,0,0,0,0,0,0,0,0,0,0,<10,0
1,0,0,0,0,0,0,0,0,0,0,0,0,0,0,0,0,1,0,1,40+,0
1,1,0,0,0,0,0,0,0,0,0,0,0,0,0,0,0,1,0,0,40+,0
